
─────────────────────────▄▀█▀█▀▄
────────────────────────▀▀▀▀▀▀▀▀▀
─────────█──────────────▄─░░░░░▄
─▄─█────▐▌▌───█──▄─▄───▐▌▌░░░░░▌▌
▐█▐▐▌█▌▌█▌█▌▄█▐▌▐█▐▐▌█▌█▌█░░░░░▌▌
█▀▀▀▀▀▀▀▀▀▀▀▀▀▀▀▀▀▀▀▀▀▀▀▀▀▀▀▀▀▀▀█
█░█░░░█ █▀▀ █░░ █▀▀ █▀▀█ █▀▄▀█ █▀▀ ░█
█░█▄█▄█ █▀▀ █░░ █░░ █░░█ █░▀░█ █▀▀ ░█
█░░▀░▀░ ▀▀▀ ▀▀▀ ▀▀▀ ▀▀▀▀ ▀░░░▀ ▀▀▀ ░█
▀▀▀▀▀▀▀▀▀▀▀▀▀▀▀▀▀▀▀▀▀▀▀▀▀▀▀▀▀▀▀▀▀

Welcome to DumDum Game!
Here you can read Rules about Troops a buildings leveling.

BUILDINGS

BuildingLevelId,LevelNumber,Cost,ConstTime,ResearchTime,MaxStorage,Defense,Production,Consumption,DefBoost
1,1,120,3600,0,1200,10,0,1,0
1,2,135,4500,0,2400,12,0,2,0
1,3,271,5400,0,3600,15,0,3,0
1,4,406,6300,0,4800,17,0,4,0
1,5,542,7200,0,6000,20,0,5,0
2,1,60,480,0,0,0,6,1,0
2,2,67,600,0,0,0,13,2,0
2,3,135,720,0,0,0,20,3,0
2,4,203,840,0,0,0,27,4,0
2,5,271,960,0,0,0,34,5,0
3,1,80,600,0,0,0,5,1,0
3,2,90,750,0,0,0,11,2,0
3,3,180,900,0,0,0,17,3,0
3,4,271,1050,0,0,0,23,4,0
3,5,361,1200,0,0,0,28,5,0
4,1,130,3000,0,0,0,0,1,0
4,2,146,3780,0,0,0,0,2,0
4,3,293,4500,0,0,0,0,3,0
4,4,440,5220,0,0,0,0,4,0
4,5,587,6000,0,0,0,0,5,0
5,1,140,4200,2880,0,20,0,1,0
5,2,158,5250,3360,0,20,0,2,0
5,3,316,6300,3840,0,20,0,3,0
5,4,474,7290,4320,0,20,0,4,0
5,5,632,8400,4800,0,20,0,5,0
6,1,100,1800,0,0,20,0,1,2
6,2,112,2250,0,0,25,0,2,4
6,3,225,2700,0,0,30,0,3,6
6,4,338,3150,0,0,35,0,4,8
6,5,451,3600,0,0,40,0,5,10

TROOPS

TroopLevelId,Level,Cost,Attack,Defence,CarryCap,Consumption,Speed,SpecialSkills,HP,TroopTypeId
1,1,77,8.4,5.3,30,1,1,0,1,1
2,2,154,8.8,5.5,35,1.2,1.2,0,2,1
3,3,231,9.2,5.8,40,1.4,1.4,0,3,1
4,4,308,9.6,6,45,1.6,1.6,0,4,1
5,5,385,10,6.3,50,1.8,1.8,0,5,1
6,1,77,5.3,8.4,30,1,0.8,0,1,2
7,2,154,5.5,8.8,35,1.2,1,0,2,2
8,3,231,5.8,9.2,40,1.4,1.2,0,3,2
9,4,308,6,9.6,45,1.6,1.4,0,4,2
10,5,385,6.3,10,50,1.8,1.6,0,5,2
11,1,121,15.8,10.5,0,2,1.6,0,3,3
12,2,242,16.5,11,0,2.2,1.8,0,4,3
13,3,363,17.3,11.5,0,2.4,2,0,5,3
14,4,484,18,12,0,2.6,2.2,0,6,3
15,5,605,18.8,12.5,0,2.8,2.4,0,7,3
16,1,121,4.2,3.2,0,2,2.5,0,3,4
17,2,242,4.4,3.3,0,2.2,2.7,0,4,4
18,3,363,4.6,3.4,0,2.4,2.9,0,5,4
19,4,484,4.8,3.6,0,2.6,3.1,0,6,4
20,5,605,5,3.8,0,2.8,3.3,0,7,4
21,1,1800,0,0,0,5,0.5,25,1,5

